15
0 1993 8501 6613 9823 6335 5652 1031 3361 1876 6321 9665 3671 6601 6987 
1993 0 4805 8031 5869 5668 4029 7130 1926 4977 3137 4883 2913 9167 9532 
8501 4805 0 7372 5101 7201 7499 7957 261 9889 3961 5235 3113 667 3792 
6613 8031 7372 0 607 606 9340 895 6545 4195 5500 1579 2893 8730 2341 
9823 5869 5101 607 0 6674 9257 9449 8352 3752 6837 725 6823 6359 439 
6335 5668 7201 606 6674 0 8017 1103 8113 1066 2757 7293 7796 1255 5341 
5652 4029 7499 9340 9257 8017 0 945 9716 5691 375 5427 6196 2501 9415 
1031 7130 7957 895 9449 1103 945 0 3451 6830 5691 9125 5937 3475 9981 
3361 1926 261 6545 8352 8113 9716 3451 0 1668 7426 3482 5237 5801 5827 
1876 4977 9889 4195 3752 1066 5691 6830 1668 0 9021 9889 213 3996 1121 
6321 3137 3961 5500 6837 2757 375 5691 7426 9021 0 1729 689 2173 3145 
9665 4883 5235 1579 725 7293 5427 9125 3482 9889 1729 0 8837 9302 9048 
3671 2913 3113 2893 6823 7796 6196 5937 5237 213 689 8837 0 542 2628 
6601 9167 667 8730 6359 1255 2501 3475 5801 3996 2173 9302 542 0 8507 
6987 9532 3792 2341 439 5341 9415 9981 5827 1121 3145 9048 2628 8507 0 
